1.98119 4.07225 -inf 5.13628 6.30111 4.6493 
2.01271 4.03352 -inf 5.13819 6.28767 4.64396 
1.97792 4.0743 -inf 5.15963 6.28679 4.65156 
2.01046 4.07275 -inf 5.18346 6.28228 4.63074 
2.23778 4.06935 -inf 5.23873 6.14565 4.44307 
2.30907 4.08118 -inf 5.33927 6.05308 4.29999 
2.54727 4.07812 -inf 5.38692 5.89803 4.11858 
2.68398 4.0675 -inf 5.4646 5.7794 3.91601 
3.03531 4.0746 -inf 5.63328 5.63233 3.66478 
3.26886 4.10531 -inf 5.83532 5.43644 3.37034 
3.60919 4.01177 -inf 5.97589 5.23406 3.16211 
3.89557 4.06049 -inf 6.12027 5.10013 2.8762 
4.2008 4.06814 -inf 6.30611 4.9642 2.62604 
4.12953 4.06604 -inf 6.31754 4.94281 2.52545 
4.29112 3.95 -inf 6.36281 4.73611 2.47546 
4.85893 3.69609 -inf 6.49338 4.31288 1.99276 
5.1495 3.38806 -inf 6.56295 3.90844 1.74402 
5.34485 3.21286 -inf 6.61536 3.61479 1.68576 
5.64894 2.89859 -inf 6.63633 3.31173 1.70707 
5.91918 2.61327 -inf 6.76546 2.92252 1.81807 
6.1464 2.36667 -inf 6.83884 2.57907 2.01287 
6.42589 2.05496 -inf 6.96035 2.32012 2.20417 
6.63984 1.84417 -inf 7.06137 2.02936 2.4483 
6.80293 1.54469 -inf 7.15763 1.75645 2.74278 
7.07422 1.19783 -inf 7.29439 1.51155 2.99533 
7.25923 0.922 -inf 7.43353 1.29229 3.39417 
7.7231 0.452251 -inf 7.73325 1.21476 3.86782 
7.9448 0.203787 -inf 8.02535 1.39603 4.27961 
8.52945 -0.084788 -inf 8.47517 1.86482 4.67514 
8.85987 -0.175833 -inf 8.87211 2.24185 4.93802 
9.31909 -0.251782 -inf 9.30811 2.68052 5.18391 
9.7568 -0.197691 -inf 9.73983 3.13873 5.426 
10.1711 -0.182788 -inf 10.1625 3.57685 5.63471 
10.6127 -0.0586539 -inf 10.6266 4.03936 5.8829 
10.9603 0.0418313 -inf 10.9849 4.3448 5.99286 
11.2833 0.23678 -inf 11.2556 4.68344 6.12885 
11.5037 0.296983 -inf 11.5296 4.95078 6.25181 
11.8118 0.48188 -inf 11.7712 5.16819 6.29315 
11.8556 0.73142 -inf 11.9513 5.38642 6.3372 
12.1223 1.04755 -inf 12.139 5.56912 6.27205 
12.0811 1.36476 -inf 12.2391 5.73875 6.18481 
12.1776 1.58938 -inf 12.3306 5.79218 6.07834 
12.1306 1.98619 -inf 12.3487 5.9154 5.92347 
-0.434148 2.856 -inf 3.56588 5.98717 5.78093 
1.31241 3.12935 -inf 3.91138 6.06776 5.6415 
0 3.4769 -inf 4.20022 6.13647 5.524 
0 3.83349 3.14159 4.54518 6.25785 5.42152 
0 4.17831 -inf 4.88076 6.36463 5.33689 
0 4.61068 -inf 5.32153 6.57674 5.29999 
0 5.0045 -inf 5.6708 6.83277 5.37366 
0 5.2064 -inf 5.86823 6.97072 5.42298 
0 5.35621 -inf 6.00368 7.07741 5.46602 
0 5.06887 -inf 5.63082 7.04671 5.53341 
0 5.49706 -inf 6.06747 7.001 5.35755 
0 5.50953 -inf 6.22837 7.02976 5.26804 
0 5.60192 -inf 6.30217 6.99001 5.12254 
0 5.64166 -inf 6.38015 6.87658 4.92709 
0 5.65354 -inf 6.34974 6.8356 4.86771 
0 5.74366 -inf 6.40691 6.83806 4.86027 
0 5.71257 -inf 6.3984 6.83818 4.85324 
0 5.69392 -inf 6.38309 6.77623 4.80257 
0 5.54376 -inf 6.27722 6.58878 4.54249 
0 5.49275 -inf 6.16499 6.28895 4.23198 
0 5.3472 -inf 6.05128 6.08668 4.04984 
0 5.3434 3.55271e-15 6.02323 5.97704 3.91059 
0 5.25592 -inf 5.9503 5.75838 3.63155 
0 5.19557 -inf 5.89538 5.56471 3.38389 
0 5.08812 -inf 5.78172 5.31101 3.13434 
0 5.05142 -inf 5.72984 5.15542 2.88056 
0 4.96579 -inf 5.67108 4.92746 2.55616 
0 4.823 -inf 5.53353 4.68794 2.24796 
0 4.64502 -inf 5.29928 4.38578 2.08377 
0 4.28672 -inf 5.0138 4.01125 1.74392 
0 4.05723 -inf 4.7823 3.72192 1.58991 
0 3.91065 -inf 4.60622 3.49564 1.48685 
0 3.75549 -inf 4.46429 3.28784 1.35534 
0 3.66825 -inf 4.39672 3.20546 1.26767 
0 3.75717 -inf 4.47378 3.26144 1.24515 
0 3.88929 -inf 4.57475 3.35784 1.25172 
0 3.96238 -inf 4.67687 3.56056 1.42298 
0 4.0796 -inf 4.79631 3.83183 1.8045 
0 4.26666 -inf 4.97262 4.13681 2.06309 
0 4.48637 -inf 5.19635 4.50217 2.39658 
0 4.73547 -inf 5.42463 4.86501 2.7757 
4.88878 3.77894 -inf 5.91633 5.14009 3.02964 
2.28671 4.21127 -inf 5.791 5.54717 3.49262 
2.74056 4.34772 -inf 5.65615 5.95906 3.99266 
2.37473 4.22479 -inf 5.5213 6.13525 4.27372 
2.06794 4.17102 -inf 5.26923 6.30883 4.61777 
1.7229 3.88966 -inf 4.90994 6.39331 4.94163 
1.39648 3.5551 -inf 4.51539 6.43349 5.269 
1.26274 3.25057 -inf 4.15896 6.40839 5.5175 
1.03022 2.9633 -inf 3.82541 6.40562 5.75044 
0.949893 2.62591 -inf 3.53045 6.3699 5.91662 
0.802399 2.48065 -inf 3.27504 6.3445 6.10031 
0.829302 2.04259 -inf 3.06156 6.26879 6.24894 
0.724973 1.79315 -inf 2.69418 6.20086 6.39855 
0.671338 1.49692 -inf 2.38731 6.18013 6.55897 
0.67578 1.18044 -inf 2.11379 6.06547 6.71012 
0.684416 0.935231 -inf 1.88078 5.98666 6.79315 
0.906403 0.386155 -inf 1.64205 5.79134 6.89076 
0.953232 0.267943 -inf 1.56295 5.65244 6.93412 
0.987972 0.264399 -inf 1.57057 5.61677 6.90004 
1.18765 0.0742409 -inf 1.64062 5.42901 6.85293 
1.39586 0.0330998 -inf 1.76403 5.20728 6.75635 
1.62577 -0.0732089 -inf 1.93081 4.97782 6.5597 
1.87107 -0.0205506 -inf 2.12761 4.7713 6.39633 
1.90512 -0.00875107 -inf 2.19623 4.69848 6.35948 
2.074 -0.0128901 -inf 2.353 4.51578 6.23483 
2.41008 0.00750729 -inf 2.56076 4.24073 6.02108 
2.67664 -0.0168732 -inf 2.85476 3.98325 5.84341 
2.94179 0.00191159 -inf 3.1278 3.71506 5.6449 
3.14804 -0.027198 -inf 3.31697 3.49439 5.51119 
3.36811 -0.0426153 -inf 3.48995 3.29893 5.38041 
3.5125 0.077757 -inf 3.7058 3.21166 5.23768 
3.90412 0.0545443 -inf 4.01744 2.82188 5.0228 
4.09774 0.187558 -inf 4.29191 2.55567 4.81904 
4.4913 0.28803 -inf 4.60212 2.26309 4.53373 
4.66616 0.411977 -inf 4.82322 2.06928 4.30333 
4.83699 0.441095 -inf 5.02097 1.90325 4.19535 
5.18729 0.559063 -inf 5.25779 1.73976 4.00562 
5.22591 0.636732 -inf 5.42981 1.63775 3.87211 
5.3542 0.64418 -inf 5.52654 1.56843 3.83446 
5.49159 0.680814 -inf 5.66044 1.49007 3.74059 
5.61384 0.711091 -inf 5.79767 1.4111 3.6839 
5.82123 0.740299 -inf 5.99304 1.28133 3.62003 
5.99458 0.759998 -inf 6.15363 1.18191 3.54471 
6.38436 0.726336 -inf 6.4705 0.996649 3.52495 
6.57801 0.67369 -inf 6.73211 0.920859 3.54728 
6.95722 0.662302 -inf 7.08901 0.886945 3.58702 
7.37744 0.463212 -inf 7.44973 0.994473 3.77992 
7.77474 0.360932 -inf 7.76232 1.20369 3.98045 
8.00241 0.25783 -inf 8.06347 1.47542 4.21829 
8.63164 0.013825 -inf 8.52807 1.88641 4.5624 
8.86882 -0.0631431 -inf 8.99314 2.3502 4.9039 
9.44812 -0.17813 -inf 9.41247 2.80497 5.18992 
10.0147 -0.291718 -inf 9.93234 3.3382 5.58305 
10.3759 -0.236808 -inf 10.4217 3.8193 5.86012 
11.0933 -0.112666 -inf 10.9978 4.39279 6.16554 
11.4566 0.126456 -inf 11.4248 4.91747 6.35652 
11.9134 0.447638 -inf 11.9017 5.26978 6.39283 
12.0499 0.974375 -inf 12.1705 5.57918 6.36758 
12.111 1.13527 -inf 12.2658 5.71623 6.284 
12.2214 1.60085 -inf 12.3277 5.80169 6.06869 
-2.87541 2.8852 -inf 3.46677 5.86699 5.75013 
1.66535 3.06001 -inf 3.88206 5.86896 5.45888 
0 3.73479 -inf 4.46077 6.01959 5.22021 
0 4.37268 -inf 5.04968 6.27977 5.12752 
0 4.87067 -inf 5.55814 6.58888 5.16718 
0 5.23878 -inf 5.96994 6.93796 5.30023 
0 5.74945 3.14159 6.44554 7.31726 5.48479 
0 6.28465 -inf 6.95154 7.77473 5.77896 
0 6.75205 -inf 7.40432 8.20928 6.13263 
0 7.19121 -inf 7.85412 8.56321 6.27202 
0 7.88219 -inf 8.49848 8.96369 6.48548 
0 7.87234 -inf 8.60637 9.06342 6.52033 
0 8.06974 -inf 8.73649 9.10306 6.53052 
0 8.19911 -inf 8.867 9.18994 6.55856 
0 8.38848 -inf 9.06964 9.30843 6.63252 
0 8.70548 -inf 9.3707 9.43521 6.66073 
0 8.85404 -inf 9.52487 9.54835 6.71717 
0 9.09136 3.14159 9.7409 9.58094 6.67039 
0 9.05354 -inf 9.75904 9.54392 6.58114 
0 9.31176 -inf 9.94529 9.50942 6.46112 
0 9.19809 -inf 9.88826 9.42336 6.34207 
0 5.66092 -inf 1.05972 9.31972 7.86139 
0 0 -inf 14.0479 9.07636 5.92615 
6.01536 3.73936 -inf 13.9665 8.96374 5.83733 
11.7543 7.12529 -inf 13.8306 8.75538 5.69078 
11.485 6.70897 -inf 13.6439 8.50583 5.5115 
11.5639 6.43874 -inf 13.5081 8.28371 5.42123 
8.62309 6.09831 -inf 12.7699 8.05147 5.36646 
12.8526 5.75131 -inf 13.2765 7.78094 5.27907 
11.2905 5.27624 -inf 13.1993 7.58802 5.24742 
11.871 5.3516 -inf 13.1483 7.49211 5.20871 
11.6951 4.92039 -inf 12.92 7.24272 5.08166 
11.5457 4.69708 -inf 12.6804 6.95614 4.91266 
11.3267 4.55447 -inf 12.4278 6.71019 4.69713 
11.0914 4.37999 -inf 12.1233 6.38781 4.41871 
10.7728 4.32112 -inf 11.8269 6.12794 4.14731 
10.3913 4.30103 -inf 11.471 5.86551 3.73805 
10.1402 4.27265 -inf 11.2261 5.67583 3.43475 
9.73144 4.32264 -inf 10.944 5.50206 3.28082 
9.55407 4.27215 -inf 10.7009 5.33975 2.89524 
9.09288 4.05802 -inf 10.2516 4.96318 2.49 
8.86033 3.89172 -inf 9.91661 4.66969 2.22917 
8.67637 3.74325 -inf 9.59592 4.36444 2.06614 
8.2305 3.37409 -inf 9.19994 4.00029 1.83551 
8.04153 3.16108 -inf 8.83255 3.61908 1.74402 
7.69428 2.81509 -0.770321 8.43181 3.24542 1.7322 
7.34871 2.66819 -inf 8.07538 2.96445 1.75403 
7.10617 2.53662 -inf 7.71753 2.80902 1.85743 
6.68972 1.97345 -inf 7.23673 2.24531 2.24996 
6.43937 1.67075 -inf 6.85171 1.92933 2.58315 
6.17412 1.40068 -inf 6.48003 1.69837 2.88961 
-1.75414 1.53541 -inf 2.23054 1.56851 3.20163 
1.04779 1.19112 -inf 2.06736 1.56046 3.39369 
0 0.952729 -inf 1.81761 1.60766 3.6923 
0 0.793538 -inf 1.64921 1.75656 3.94728 
0 0.668668 -inf 1.545 1.85584 4.13313 
0 0.442306 -inf 1.37675 2.02897 4.34861 
0 0.280159 -inf 1.24759 2.25198 4.61028 
0 0.0629211 -inf 1.09964 2.4981 4.87655 
0 -0.0318378 -inf 1.0332 2.74945 5.11479 
0 -0.097907 -inf 1.00023 2.92412 5.26226 
0 -0.241754 -inf 0.933705 3.25026 5.52852 
0 -0.308372 -inf 0.92075 3.73339 5.84914 
0 -0.162799 -inf 0.966492 4.12227 6.03554 
0 0.100952 -inf 1.11696 4.55702 6.20345 
0 0.402914 3.14159 1.35755 4.99762 6.33994 
1.49878 0.649188 -inf 2.0447 5.35368 6.41213 
0.754426 0.951165 -inf 2.11665 5.72281 6.47384 
0.819715 1.44578 -inf 2.39064 6.03733 6.46482 
0.700951 1.87656 -inf 2.72039 6.23323 6.37663 
0.706185 2.29353 -inf 2.99771 6.38281 6.18076 
0.979432 2.78737 -inf 3.65101 6.43985 5.91508 
1.14773 3.21169 -inf 4.11131 6.41393 5.55285 
1.49801 3.57485 -inf 4.51587 6.34356 5.13866 
1.97528 3.96769 -inf 5.01763 6.22528 4.70146 
2.33038 4.02789 -inf 5.32021 6.03213 4.30231 
2.93232 4.14859 -inf 5.64567 5.7007 3.7088 
3.41514 4.07293 -inf 5.93586 5.3737 3.4766 
0 0 -inf 6.11265 5.09345 3.4766 
0 0 -inf 6.0 6.0 3.50
0 0 -inf 6.55771 4.39388 2.78209 
0 0 -inf 6.79453 4.08749 1.55151 
5.89281 3.51189 -inf 6.97703 3.82912 1.29094 
5.85222 3.21158 -inf 7.13428 3.55472 1.18142 
6.39047 3.08447 -inf 7.3611 3.32498 1.21986 
6.83643 2.88324 -inf 7.70895 3.11437 1.36424 
7.41678 2.8613 -inf 8.144 3.16538 1.5664 
7.69126 2.96775 -inf 8.53855 3.34773 1.65062 
8.25494 3.25926 -inf 9.05985 3.79661 1.78929 
8.56455 3.70666 -inf 9.55065 4.31268 1.94987 
8.62665 3.78822 -inf 9.7079 4.46107 2.04756 
8.9149 3.94333 -inf 10.0238 4.74536 2.27272 
9.45983 4.17762 -inf 10.5408 5.17794 2.77406 
9.72867 4.26183 -inf 10.9316 5.50302 3.11398 
10.1865 4.41989 -inf 11.3166 5.78145 3.51377 
10.5438 4.50182 -inf 11.7507 6.19028 3.98154 
10.9784 4.64794 -inf 12.0985 6.50024 4.2738 
11.1937 4.9795 -inf 12.5145 6.94701 4.66422 
11.5026 5.34712 -inf 12.9124 7.3993 4.95464 
11.5793 5.87609 -inf 13.2331 7.84443 5.23154 
11.7736 6.22976 -inf 13.4966 8.20166 5.43987 
11.5059 6.6109 -inf 13.6753 8.47856 5.56213 
11.5673 6.88693 -inf 13.7711 8.6892 5.64753 
11.573 7.27579 -inf 13.9412 8.97553 5.83151 
11.5538 7.55665 -inf 14.2333 9.26689 6.00972 
11.6816 7.62087 -inf 14.2471 9.33836 6.09253 
11.62 7.58015 -inf 14.2447 9.31231 6.11132 
11.7415 7.60927 -inf 14.34 9.43677 6.27189 
12.0882 7.70735 -inf 14.6088 9.60272 6.47788 
12.1002 7.6545 -inf 14.7608 9.69938 6.62948 
12.5622 7.52551 -inf 14.9328 9.7803 6.7922 
12.7276 7.42698 -inf 15.0453 9.80323 6.88988 
12.8712 7.25859 -inf 15.061 9.7708 6.97102 
-3.73615 9.43142 -inf 9.59348 9.73912 6.95122 
1.88966 8.56071 -inf 9.51352 9.65116 6.88319 
0 8.36168 -inf 9.04594 9.37567 6.76289 
0 8.03998 -inf 8.71367 9.07318 6.50699 
0 7.89885 -inf 8.59826 8.96152 6.41133 
0 7.45616 -inf 8.17324 8.63867 6.20491 
0 7.15469 3.55271e-15 7.80339 8.28587 5.95003 
0 6.6457 -inf 7.35911 7.93602 5.71264 
0 6.47977 -inf 7.11366 7.7149 5.63017 
0 5.8336 -inf 6.54594 7.37301 5.47789 
0 5.29308 -inf 5.97749 6.96317 5.33895 
0 4.72444 -inf 5.3898 6.60264 5.29015 
0 4.16223 3.55271e-15 4.91022 6.40281 5.33408 
0 3.85764 3.55271e-15 4.50431 6.18638 5.41599 
0 3.27843 -inf 4.02158 5.98764 5.50349 
0 2.64637 -inf 3.39469 5.77046 5.68273 
0 2.1249 -inf 2.88088 5.65717 5.92182 
0 1.5682 -inf 2.37342 5.63297 6.19149 
0 1.16258 -inf 1.99157 5.54194 6.34334 
0 1.04617 -inf 1.83108 5.46358 6.4381 
0 0.574576 3.55271e-15 1.48276 5.25747 6.46145 
0 0.335283 -inf 1.29265 5.07369 6.44096 
0 -0.0156389 -inf 1.0702 4.78123 6.37949 
0 -0.0331208 -inf 1.011 4.44652 6.22129 
0 -0.080376 -inf 1.00027 4.08352 5.98875 
0 -0.0561631 -inf 1.03087 3.60034 5.60469 
0 0.024617 -inf 1.05761 3.1647 5.31787 
0 0.095528 -inf 1.13905 2.88513 5.06756 
0 0.114854 -inf 1.14372 2.53073 4.81836 
0 0.344114 -inf 1.26871 2.23977 4.62546 
0 0.396565 -inf 1.36303 1.95688 4.34353 
0 0.617634 -inf 1.51144 1.71972 4.0876 
0 0.815172 -inf 1.68343 1.49576 3.80246 
0 1.14694 -inf 1.9759 1.45215 3.44839 
0 1.47824 -inf 2.28216 1.54498 3.11764 
0 1.85018 3.14159 2.61985 1.73837 2.80419 
0 2.21793 -inf 2.97456 2.00604 2.49786 
0 2.58033 -inf 3.32757 2.3488 2.17302 
0 3.01034 -inf 3.74187 2.67045 1.92986 
0 3.48073 -inf 4.18451 3.08857 1.64681 
0 3.85513 -inf 4.57647 3.53855 1.58889 
0 4.2955 -inf 4.99723 3.99837 1.75355 
0 4.56649 -inf 5.27332 4.44197 2.15995 
0 4.92625 -inf 5.60784 4.8871 2.63001 
4.99649 3.91781 -inf 5.90918 5.31419 2.81998 
0 0 -inf 5.61898 5.6995 2.81998 
0 0 -inf 5.31211 5.95492 4.24704 
1.82754 4.27389 -inf 4.83132 6.20765 4.83023 
1.45146 3.29841 -inf 4.38626 6.3444 5.29625 
1.02149 3.00865 -inf 3.88306 6.42682 5.74194 
0.803445 2.48695 -inf 3.37368 6.42907 6.10878 
0.640157 2.00141 -inf 2.93243 6.36176 6.42762 
0.580835 1.43305 -inf 2.37873 6.2611 6.62632 
0.752862 0.8843 -inf 1.89364 5.95692 6.7796 
1.03722 0.40685 -inf 1.66587 5.59535 6.79548 
1.41708 0.0850758 -inf 1.82455 5.20528 6.69656 
1.86661 -0.237612 -inf 2.04041 4.73363 6.46233 
2.53798 -0.255487 -inf 2.6551 4.18327 6.12435 
3.03105 -0.146917 -inf 3.21595 3.71962 5.69565 
3.56391 0.021279 -inf 3.74869 3.05081 5.29027 
4.04069 0.129832 -inf 4.22186 2.59649 4.80317 
4.66205 0.505092 -inf 4.8356 2.15731 4.23996 
-0.525821 1.02001 -inf 1.84741 1.95303 3.84064 
0.75324 1.47206 -inf 2.28262 1.88907 3.3125 
0 1.95523 -inf 2.72232 1.9867 2.84075 
0 2.3302 -inf 3.08937 2.21228 2.45075 
0 2.56875 -inf 3.28995 2.27533 2.26246 
0 2.68422 -inf 3.4412 2.41895 2.10442 
0 2.88334 -inf 3.59005 2.51957 1.99562 
0 2.90207 -inf 3.63482 2.5511 1.90746 
0 2.88229 -inf 3.62617 2.56931 1.93719 
0 2.90657 -inf 3.63513 2.54625 1.93891 
0 2.89829 3.55271e-15 3.63335 2.5498 1.93081 
0 0 -inf 7.34918 2.54122 1.91652 
0 0 -inf 7.35157 2.54518 1.95845 
0 0 -inf 7.0 2.50 2.0
0 0 -inf 7.35681 2.54412 1.92827 
0 0 -inf 7.34966 2.5431 1.93295 
7.49896 2.3669 -inf 7.37682 2.53726 1.92328 
6.75948 2.32213 -inf 7.39493 2.54964 1.92668 
6.76809 2.3204 -inf 7.36205 2.54395 1.94387 
